Station0, process: 06

1.000000 1.000000 0.000000 0.000000 0.000000 0.000000 
0.000000 1.000000 1.000000 0.000000 0.000000 0.000000 
0.000000 0.000000 1.000000 1.000000 0.000000 0.000000 
0.000000 0.000000 0.000000 1.000000 1.000000 0.000000 
0.000000 0.000000 0.000000 0.000000 1.000000 1.000000 
0.000000 0.000000 0.000000 0.000000 0.000000 1.000000 
SAME, process: 0 
0.000000 0.000000 0.000000 0.000000 0.000000 0.000000 
0.000000 0.000000 0.000000 0.000000 0.000000 0.000000 
0.000000 0.000000 0.000000 0.000000 0.000000 0.000000 
0.000000 0.000000 0.000000 0.000000 0.000000 0.000000 
0.000000 0.000000 0.000000 0.000000 0.000000 0.000000 
0.000000 0.000000 0.000000 0.000000 0.000000 0.000000 
1.000000 1.000000 0.000000 0.000000 0.000000 0.000000 
1.000000 2.000000 1.000000 0.000000 0.000000 0.000000 
0.000000 1.000000 2.000000 1.000000 0.000000 0.000000 
0.000000 0.000000 1.000000 2.000000 1.000000 0.000000 
0.000000 0.000000 0.000000 1.000000 2.000000 1.000000 
0.000000 0.000000 0.000000 0.000000 1.000000 2.000000 
squareMatrixSideLength,6,numMPICopies,1,walltime,0.000029
 
 
+------------------------------------------+ 
| PALMETTO CLUSTER PBS RESOURCES REQUESTED | 
+------------------------------------------+ 
 
mem=400gb,ncpus=64,walltime=08:00:00
 
 
+-------------------------------------+ 
| PALMETTO CLUSTER PBS RESOURCES USED | 
+-------------------------------------+ 
 
cpupercent=0,cput=00:00:00,mem=812kb,ncpus=64,vmem=12908kb,walltime=00:00:01
 
 
